1  0    00000000 00000000
2  1    00000000 00000000
3  2    00001000 00000000 NOP
4  3    00010000 01100001 B 0x0061 (INIT)
5  4    00001000 00000000 NOP
6  5    00001000 00000000
7       00001000 00000000
8       00001000 00000000
9       01101110 10111111
10      00110110 11000000
11      01001110 00010000
12      11011110 00000000
13      11011110 00100001
14      11011110 01000010
15      11011110 10000100
16      11011110 10100101
17      10010001 00000000
18      01100011 00000001
19      01101000 11111111
20      11101001 00001100
21      10010010 00000000
22      01100011 00000001
23      01100011 11111111
24      11010011 00000000
25      01100011 11111111
26      11010111 00000000
27      01101011 00001111
28      11101111 01000000
29      01001111 00000011
30      00001000 00000000
31      00010000 10101100
32      00001000 00000000
33      01101110 10111111
34      00110110 11000000
35      11011110 01100000
36      00001000 00000000
37      01101110 10111111
38      00110110 11000000
39      01001110 00010000
40      01101000 00000000
41      11101000 00101010
42      01100001 00000010
43      00001000 00000000
44      10011110 10000111
45      01101000 00100000
46      11101000 00101010
47      01100001 00000010
48      00001000 00000000
49      10011110 10001000
50      01101000 00010000
51      11101000 00101010
52      01100001 00000010
53      00001000 00000000
54      10011110 10001001
55      00001000 00000000
56      10011110 10100110
57      11101100 10100010
58      01100001 00001011
59      00001000 00000000
60      11011110 10000110
61      11101111 01000000
62      01001111 00000011
63      00001000 00000000
64      00010000 10001011
65      00001000 00000000
66      01101110 10111111
67      00110110 11000000
68      11011110 00100000
69      00001000 00000000
70      00001000 00000000
71      01101011 00001111
72      11101111 01000000
73      01001111 00000011
74      00001000 00000000
75      00010000 10000000
76      00001000 00000000
77      01101110 10111111
78      00110110 11000000
79      11011110 01100000
80      00001000 00000000
81      01000010 11000000
82      11110011 00000000
83      01101000 10000000
84      00110000 00000000
85      11101011 00001101
86      01101111 10111111
87      00110111 11100000
88      01001111 00010000
89      10011111 00000000
90      10011111 00100001
91      10011111 01000010
92      10011111 10000100
93      10011111 10100101
94      10010111 00000000
95      01100011 00000001
96      01100011 00000001
97      00001000 00000000
98      11110011 00000001
99      11101110 00000000
100     10010011 11111111
101     00001000 00000000
102 65  01101000 00000111 INIT: LI R0 0x07
103     11110000 00000001 MTIH R0
104     01101000 10111111 LI R0 0x00BF
105     00110000 00000000 SLL R0 R0 0x00
106     01001000 00010000 ADDIU R0 0x10
107     01100100 00000000 MTSP R0
108     00001000 00000000 NOP
109     01101110 10111111 LI R6 0x00BF
110     00110110 11000000 SLL R6 R6 0x00
111     01001110 00010000 ADDIU R6 0x10 R6=0xBF10
112     01101000 00000000 LI R0 0x0000
113 70  11011110 00000000 SW R6 R0 0x00 R0(0x00)->MEM[R6+0x00]
114     11011110 00000001 SW R6 R0 0x01
115     11011110 00000010 SW R6 R0 0x02
116     11011110 00000011 SW R6 R0 0x03
117     11011110 00000100 SW R6 R0 0x04
118     11011110 00000101 SW R6 R0 0x05
119     11011110 00000110 SW R6 R0 0x06
120 77  01001000 00000001 ADDIU R0 0x01 R0=0x01
121 78  11011110 00000111 SW R6 R0 0x07 MEM[R6+0x07]=0x01
122 79  01001000 00000001 ADDIU R0 0x01 R0=0x02
123 7a  11011110 00001000 SW R6 R0 0x08 MEM[R6+0x08]=0x02
124 7b  01001000 00000001 ADDIU R0 0x01 R0=0x03
125 7c  11011110 00001001 SW R6 R0 0x08 MEM[R6+0x09]=0x03
126 7d  11101111 01000000 OK: MFPC R7 R7=PC+1=01111110
127 7e  01001111 00000011 ADDIU R7 0x03
128 7f  00001000 00000000 NOP
129 80  00010000 01001010 B 0x4A line=203
130 81  01101110 10111111 R7: LI R6 0x00BF
131 82  00110110 11000000 SLL R6 R6 0x00
132 83  01101000 01001111 LI R0 0x004F  --'O'
133 84  11011110 00000000 SW R6 R0 0x00 MEM[R6+0x00=0xBF00]=0x004F
134 85  00001000 00000000 NOP
135 86  11101111 01000000 MFPC R7
136 87  01001111 00000011 ADDIU R7 0x03
137 88  00001000 00000000 NOP
138 89  00010000 01000001 B 0x41 line=203
139 8a  01101110 10111111 LI R6 0x00BF
140 8b  00110110 11000000 SLL R6 R6 0x00
141 8c  01101000 01001011 LI R0 0x004B  --'K'
142 8d  11011110 00000000 SW R6 R0 0x00 MEM[0xBF00]=0x004B
143 8e  00001000 00000000 NOP
144 8f  11101111 01000000
145 90  01001111 00000011
146 91  00001000 00000000
147     00010000 00111000
148     01101110 10111111
149     00110110 11000000
150     01101000 00001010
151     11011110 00000000
152     00001000 00000000
153     11101111 01000000
154     01001111 00000011
155     00001000 00000000
156     00010000 00101111
157     01101110 10111111
158     00110110 11000000
159     01101000 00001101
160     11011110 00000000
161     00001000 00000000
162     11101111 01000000 BEGIN: MFPC R7
163     01001111 00000011 ADDIU R7 0x0003
164     00001000 00000000 NOP
165     00010000 00110001 B TESTR
166     00001000 00000000 NOP
167 a6  01101110 10111111 LI R6 0x00BF
168 a7  00110110 11000000 SLL R6 R6 0x00
169     10011110 00100000 LW R6 R1 0x00 R1=MEM[0xBF00]
170     01101110 11111111 LI R6 0x00FF
171 aa  11101001 11001100 AND R1 R6
172     00001000 00000000 NOP
173     01101000 01010010 LI R0 0x0052	; R command
174 ad  11101000 00101010 CMP R0 R1
175     01100000 00110010 BTEQZ R0 R1 0x0032 (SHOWREGS)
176     00001000 00000000 NOP
177     01101000 01000100
178     11101000 00101010
179 b2  01100000 01001101
180 b3  00001000 00000000
181     01101000 01000001
182     11101000 00101010
183     01100000 00001110
184     00001000 00000000
185     01101000 01010101
186     11101000 00101010
187     01100000 00000111
188 bb  00001000 00000000
189     01101000 01000111
190     11101000 00101010
191 be  01100000 00001001
192     00001000 00000000
193     00010111 11100000
194     00001000 00000000
195     00001000 00000000
196     00010000 11000000
197     00001000 00000000
198     00001000 00000000
199     00010000 10000010
200     00001000 00000000
201     00001000 00000000
202     00010001 00000011
203     00001000 00000000
204 cb  00001000 00000000 TESTW: NOP
205 cc  01101110 10111111 LI R6 0x00BF
206 cd  00110110 11000000 SLL R6 R6 0x00
207 ce  01001110 00000001 ADDIU R6 0x0001 R6=0xBF01
208 cf  10011110 00000000 LW R6 R0 0x0000 MEM[R6+0x00]->R0
209 d0  01101110 00000001 LI R6 0x0001
210 d1  11101000 11001100 AND R0 R6
211 d2  00100000 11111000 BEQZ R0 0xFFF8 (-8, TESTW)
212 d3  00001000 00000000 NOP
213 d4  11101111 00000000 JR R7
214 d5  00001000 00000000 NOP
215 d6  00001000 00000000 TESTR: NOP
216 d7  01101110 10111111 LI R6 0x00BF
217 d8  00110110 11000000 SLL R6 R6 0x00
218 d9  01001110 00000001 ADDIU R6 0x0001 R6=0xBF01
219 da  10011110 00000000 LW R6 R0 0x0000
220 db  01101110 00000010 LI R6 0x0002
221 dc  11101000 11001100 AND R0 R6
222 dd  00100000 11111000 BEQZ R0 TESTR
223 de  00001000 00000000 NOP
224 df  11101111 00000000 JR R7
225 e0  00001000 00000000 NOP
226 e1  01101001 00000110 SHOWREGS: LI R1 0x0006 ; R1=0x06
227 e2  01101010 00000110 LI R2 0x0006 ; R2=0x06
228     01101000 10111111 LOOP: LI R0 0x00BF
229     00110000 00000000 SLL R0 R0 0x00
230     01001000 00010000 ADDIU R0 0x0010 ; R0=0xBF10
231     11100010 00101111 SUBU R2 R1 R3 ; R3=R2-R1, 0,1,2,3
232     11100000 01100001 ADDU R0 R3 R0 ; R0=R0+R3
233 e8  10011000 01100000 LW R0 R3 0x00 ; R3=MEM[R0]
234     11101111 01000000 MFPC R7 ; low 8 bits
235     01001111 00000011 ADDIU R7 0x03
236 eb  00001000 00000000 NOP
237     00010111 11011110 B TESTW
238     00001000 00000000 NOP
239     01101110 10111111 LI R6 0x00BF
240     00110110 11000000 SLL R6 R6 0x00
241     11011110 01100000 SW R6 R3 0x00 MEM[0xBF00]=R3
242     00110011 01100011
243     11101111 01000000
244     01001111 00000011
245     00001000 00000000
246     00010111 11010101
247     00001000 00000000
248     01101110 10111111
249     00110110 11000000
250     11011110 01100000
251     01001001 11111111
252     00001000 00000000
253     00101001 11100110
254     00001000 00000000
255     00010111 10100010
256     00001000 00000000
257     11101111 01000000
258     01001111 00000011
259     00001000 00000000
260     00010111 11010010
261     00001000 00000000
262     01101110 10111111
263     00110110 11000000
264     10011110 10100000
265     01101110 11111111
266     11101101 11001100
267     00001000 00000000
268     11101111 01000000
269     01001111 00000011
270     00001000 00000000
271     00010111 11000111
272     00001000 00000000
273     01101110 10111111
274     00110110 11000000
275     10011110 00100000
276     01101110 11111111
277     11101001 11001100
278     00001000 00000000
279     00110001 00100000
280     11101001 10101101
281     11101111 01000000
282     01001111 00000011
283     00001000 00000000
284     00010111 10111010
285     00001000 00000000
286     01101110 10111111
287     00110110 11000000
288     10011110 10100000
289     01101110 11111111
290     11101101 11001100
291     00001000 00000000
292     11101111 01000000
293     01001111 00000011
294     00001000 00000000
295     00010111 10101111
296     00001000 00000000
297     01101110 10111111
298     00110110 11000000
299     10011110 01000000
300     01101110 11111111
301     11101010 11001100
302     00001000 00000000
303     00110010 01000000
304     11101010 10101101
305     10011001 01100000
306     11101111 01000000
307     01001111 00000011
308     00001000 00000000
309     00010111 10010110
310     00001000 00000000
311     01101110 10111111
312     00110110 11000000
313     11011110 01100000
314     00110011 01100011
315     11101111 01000000
316     01001111 00000011
317     00001000 00000000
318     00010111 10001101
319     00001000 00000000
320     01101110 10111111
321     00110110 11000000
322     11011110 01100000
323     01001001 00000001
324     01001010 11111111
325     00001000 00000000
326     00101010 11101010
327     00001000 00000000
328     00010111 01011001
329     00001000 00000000
330     11101111 01000000
331     01001111 00000011
332     00001000 00000000
333     00010111 10001001
334     00001000 00000000
335     01101110 10111111
336     00110110 11000000
337     10011110 10100000
338     01101110 11111111
339     11101101 11001100
340     00001000 00000000
341     11101111 01000000
342     01001111 00000011
343     00001000 00000000
344     00010111 01111110
345     00001000 00000000
346     01101110 10111111
347     00110110 11000000
348     10011110 00100000
349     01101110 11111111
350     11101001 11001100
351     00001000 00000000
352     00110001 00100000
353     11101001 10101101
354     01101000 00000000
355     11101000 00101010
356     01100000 00011101
357     00001000 00000000
358     11101111 01000000
359     01001111 00000011
360     00001000 00000000
361     00010111 01101101
362     00001000 00000000
363     01101110 10111111
364     00110110 11000000
365     10011110 10100000
366     01101110 11111111
367     11101101 11001100
368     00001000 00000000
369     11101111 01000000
370     01001111 00000011
371     00001000 00000000
372     00010111 01100010
373 174 00001000 00000000 NOP
374     01101110 10111111
375     00110110 11000000
376     10011110 01000000
377     01101110 11111111
378     11101010 11001100
379     00001000 00000000
380     00110010 01000000
381     11101010 10101101
382     11011001 01000000
383     00001000 00000000
384     00010111 11001001
385     00001000 00000000
386     00001000 00000000
387     00010111 00011110
388     00001000 00000000
389     11101111 01000000
390     01001111 00000011
391     00001000 00000000
392     00010111 01001110
393     00001000 00000000
394     01101110 10111111
395     00110110 11000000
396     10011110 10100000
397     01101110 11111111
398     11101101 11001100
399     00001000 00000000
400     11101111 01000000
401     01001111 00000011
402     00001000 00000000
403     00010111 01000011
404     00001000 00000000
405     01101110 10111111
406     00110110 11000000
407     10011110 00100000
408     01101110 11111111
409     11101001 11001100
410     00001000 00000000
411     00110001 00100000
412     11101001 10101101
413     11101111 01000000
414     01001111 00000011
415     00001000 00000000
416     00010111 00110110
417     00001000 00000000
418     01101110 10111111
419     00110110 11000000
420     10011110 10100000
421     01101110 11111111
422     11101101 11001100
423     00001000 00000000
424     11101111 01000000
425     01001111 00000011
426     00001000 00000000
427     00010111 00101011
428     00001000 00000000
429     01101110 10111111
430     00110110 11000000
431     10011110 01000000
432     01101110 11111111
433     11101010 11001100
434     00001000 00000000
435     00110010 01000000
436     11101010 10101101
437     10011001 01100000
438     11101111 01000000
439     01001111 00000011
440     00001000 00000000
441     00010111 00010010
442     00001000 00000000
443     01101110 10111111
444     00110110 11000000
445     11011110 01100000
446     00110011 01100011
447     11101111 01000000
448     01001111 00000011
449     00001000 00000000
450     00010111 00001001
451     00001000 00000000
452     01101110 10111111
453     00110110 11000000
454     11011110 01100000
455     01001001 00000001
456     01001010 11111111
457     00001000 00000000
458     00101010 11101010
459     00001000 00000000
460     00010110 11010101
461     00001000 00000000
462     11101111 01000000
463     01001111 00000011
464     00001000 00000000
465     00010111 00000101
466     00001000 00000000
467     01101110 10111111
468     00110110 11000000
469     10011110 10100000
470     01101110 11111111
471     11101101 11001100
472     00001000 00000000
473     11101111 01000000
474     01001111 00000011
475     00001000 00000000
476     00010110 11111010
477     00001000 00000000
478     01101110 10111111
479     00110110 11000000
480     10011110 01000000
481     01101110 11111111
482     11101010 11001100
483     00001000 00000000
484     00110010 01000000
485     11101010 10101101
486     01000010 11000000
487     01101111 10111111
488     00110111 11100000
489     01001111 00010000
490     10011111 10100101
491     01100011 11111111
492     11010101 00000000
493     11110101 00000000
494     01101001 10000000
495     00110001 00100000
496     11101101 00101101
497     10011111 00000000
498     10011111 00100001
499     10011111 01000010
500     10011111 01100011
501     10011111 10000100
502     11101111 01000000
503     01001111 00000100
504     11110101 00000001
505     11101110 00000000
506     10010101 00000000
507     00001000 00000000
508     00001000 00000000
509     01100011 00000001
510     01101111 10111111
511     00110111 11100000
512     01001111 00010000
513     11011111 00000000
514     11011111 00100001
515     11011111 01000010
516     11011111 01100011
517     11011111 10000100
518     11011111 10100101
519     11110000 00000000
520     01101001 01111111
521     00110001 00100000
522     01101010 11111111
523     11101001 01001101
524     11101000 00101100
525     11110000 00000001
526     01101001 00000111
527     11101111 01000000
528     01001111 00000011
529     00001000 00000000
530     00010110 10111001
531     00001000 00000000
532     01101110 10111111
533     00110110 11000000
534     11011110 00100000
535     00010110 10001010
536     00001000 00000000
